22222222
33285335
33284251
33283879
33279218
33278791
33277157
33274793
33273411
33272872
33271564
33269940
33269810
33269526
33262813
33261907
33260762
33256720
33252137
33252031
33248871
33247801
33244857
33244852
33244780
33244716
33244300
33242872
33242198
33241207
33238161
33237942
33236336
33235694
33235146
33234167
33231728
33226554
33226531
33226461
33222726
33221734
33220693
33218351
33216379
33210284
33209087
33209075
33208705
33208618
33207021
33204607
33204415
33201400
33201123
33201072
33200960
33197987
33197837
33197426
33193311
33191115
33189577
33188468
33186439
33186177
33184718
33181739
33181485
33180982
33177356
33176522
33176504
33175838
33174944
33174321
33171459
33170334
33169714
33169705
33169646
33167963
33166429
33165447
33163887
33163886
33161685
33159745
33158629
33154304
33153941
33153245
33152545
33152181
33147779
33146943
33146353
33145921
33145811
33145806
33145501
33143702
33141771
33141462
33140520
33139268
33139077
33136337
33136014
33134083
33133155
33129926
33125828
33121995
33121287
33118711
33118430
33118172
33118165
33112184
33112116
33112112
33112111
33112100
33112028
33110679
33110674
33109980
33109440
33108859
33108683
33108091
33108089
33108088
33108086
33107120
33106909
33106894
33106863
33104773
33103869
33102701
33102391
33101747
33101619
33100760
33100571
33100052
33098347
33098072
33096435
33094584
33094573
33092560
33091330
33090102
33089559
33089378
33088820
33087828
33085074
33084978
33084735
33084216
33082794
33081665
33078694
33078312
33078273
33078084
33076727
33072913
33072639
33072426
33070447
33069805
33068421
33065618
33065587
33065418
33065198
33064042
33063586
33063434
33062972
33062971
33062969
33062962
33061565
33060512
33060404
33058321
33054460
33052444
33049129
33048488
33045535
33043262
33042587
33041455
33041332
33041218
33041167
33038629
33038377
33038355
33037605
33037604
33037163
33037155
33036828
33036453
33034211
33033878
33033118
33030384
33030315
33029241
33029228
33291100
33290335
33289171
33285770
33296349
33295730
33294497
33293128
33291813
33291191
33306224
33305606
33305461
33305062
33304476
33303501
33302330
33301211
33301183
33301172
33298191
33297360
33314535
33314453
33313360
33313014
33313013
33312039
33308245
33307971
33249733
33321012
33321010
33320834
33320758
33320739
33319671
33317110
33326843
33323754
33322637
33274692
33333370
33332859
33332220
33331457
33331085
33330199
33338626
33337999
33335701
33334254
33333720
33341088
33339129
33342084
33341909
33341704
33347738
33343978
33343972
33343968
33342813
33342782
33342778
33352100
33351504
33349976
33349195
33348963
33348962
33320978
33369960
33369053
33368594
33368538
33368479
33368464
33368421
33368351
33363651
33360976
33360233
33357230
33357196
33356992
33356737
33355950
33355800
33355795
33354399
33353755
33353401
33372880
33372437
33372264
33371855
33355973
33378664
33375216
33389664
33389515
33387338
33386767
33383783
33383042
33381706
33381705
33381692
33380687
33380666
33380652
33380650
33380437
33380213
33392719
33391475
33391385
33389925
33389922
33398909
33398670
33398182
33396957
33396089
33395839
33411027
33410199
33409548
33408724
33406924
33406290
33405401
33405400
33404722
33403769
33403703
33403148
33402600
33402599
33401572
33413802
33422100
33428104
33427744
33425307
33381878
33434706
33434684
33433704
33433435
33433427
33433414
33433038
33432562
33432560
33432559
33432557
33432556
33431310
33439548
33438328
33437642
33437404
33437286
33435693
33445039
33444463
33443786
33443395
33442357
33450629
33449352
33448744
33446814
33446474
33445465
33452609
33451944
33451918
33465254
33463595
33461309
33454714
33454185
33460974
33459931
33459930
33459929
33459928
33459926
33459908
33459561
33458988
33456331
33456259
